29.780407	.84505523	.75294041
42.17719	.64368206	.9612684
31.068047	.13424074	.32944315
29.736292	.17672245	.45363201
35.089661	.31886793	.36413717
35.151814	.9560486	.05631123
50.543877	.22658518	.03075015
59.631667	.89068826	.41479194
45.474658	.93259473	.06944243
39.639442	.08510503	.16454356
59.685904	.8113844	.15637365
79.889225	.99443124	.3453018
52.004238	.35272314	.63817392
58.108251	.4840603	.4049941
118.82917	.7421301	.17793533
108.82288	.37277431	.09289318
114.38362	.0351575	.3005427
106.7151	.15266311	.58030545
133.98153	.32169685	.82330734
122.80634	.11750783	.3085478
22.994323	.35968487	.7074094
49.286381	.69759835	.51459449
63.606861	.79224132	.46117856
78.889173	.44617012	.04213307
96.495419	.97074786	.39004383
103.23447	.51071352	.03005953
104.71889	.48609896	.66929746
133.57449	.05341272	.69937296
161.96454	.24633288	.07106828
168.53301	.75592653	.27117206
182.87917	.62749674	.95009436
202.78428	.74802555	.24073936
203.83708	.98769629	.5693157
225.29648	.58993676	.21149376
264.7062	.50637582	.20753992
266.08271	.21728289	.09843707
295.33122	.57407349	.52527867
288.23491	.78191488	.59902931
318.89125	.83021552	.79028664
337.01053	.24107067	.21226782
15.814902	.85496366	.65419437
11.16061	.14261648	.75321319
43.121422	.759887	.80828982
29.7671	.93354342	.17405125
17.005351	.71597823	.52390121
1.2043733	.12805138	.0078758
28.580984	.122318	.52899974
54.191554	.60531038	.347874
57.715817	.98359658	.23440412
68.856706	.90447715	.28269844
64.965145	.26103618	.85277202
36.725991	.59673101	.52614731
50.021901	.3340151	.51500513
73.919776	.44550347	.08234759
107.64086	.6449255	.08824072
122.11008	.34167404	.79769697
114.2	.84414	.72894742
116.25662	.62830878	.97565719
125.14703	.20018449	.05752471
125.80354	.38096354	.62020632
32.623031	.52351223	.89701051
64.513623	.67537613	.52689282
67.325489	.28125893	.29877234
88.5226	.7534345	.40673298
103.34117	.70156022	.09559859
112.41847	.09602485	.94589923
148.55355	.10198849	.5066798
171.13304	.34397154	.91302469
176.21183	.82000126	.48625446
213.10864	.92464576	.88771777
222.86152	.75815227	.76111569
262.67787	.87908158	.99432591
260.11323	.85414501	.51288995
266.70967	.17044836	.53182487
286.81556	.58471732	.89533366
299.6403	.35069356	.07107016
307.2649	.73865133	.34445056
295.03357	.02897083	.15688357
306.92506	.17296183	.70314955
349.46312	.13388894	.86458372
31.338216	.9802295	.52913005
60.826506	.93205954	.52633773
57.630627	.70622076	.3215009
77.402474	.93604342	.48665962
86.716993	.73718604	.23614644
103.32298	.38451438	.83206254
116.5139	.88968762	.93828853
128.09453	.57598771	.83260841
162.79632	.82936463	.60351594
152.89781	.09531394	.804751
164.7055	.12483737	.63788266
181.84787	.72357494	.98514321
206.30271	.20777913	.74733181
243.50753	.36245928	.94515125
258.16333	.94475876	.43218189
288.24829	.74223792	.17057193
283.76369	.42767057	.8139947
298.06991	.16597462	.37591552
307.56276	.52842608	.51584347
313.60142	.10917502	.6334425
16.122691	.70361658	.20389846
63.615206	.78450887	.84733733
73.957342	.85904413	.57282188
73.405063	.70221941	.15991004
97.098959	.9010161	.57984974
99.044152	.76475656	.67487488
109.83069	.75957701	.78547315
127.98851	.07690665	.65483086
157.41208	.09912849	.53041025
151.43457	.2779539	.00839445
175.8689	.15247297	.29783871
161.86532	.10991839	.90616827
212.26446	.47912258	.1518994
227.26847	.32346691	.44131667
261.25055	.69717284	.80838304
289.08777	.42581536	.0075299
291.15174	.84637056	.19195753
298.78593	.46792695	.73567153
308.80779	.86147869	.32924583
323.59623	.06098851	.07476789
4.5797388	.14581066	.29107368
65.607508	.64853801	.19926083
53.012325	.38685472	.07466791
71.770788	.46231367	.02875846
77.897411	.10714739	.17850596
71.179726	.17766136	.399209
113.85714	.57485733	.85163696
135.90875	.55096856	.48963889
140.57184	.46891072	.5678333
159.6662	.84361359	.5724627
182.20942	.29882568	.65228898
163.00258	.63316204	.21031407
199.48723	.40657968	.95983204
242.18604	.47604698	.75126058
252.7455	.86989094	.35455916
261.97097	.37762823	.02067386
283.36276	.48361506	.5649211
298.08227	.14038611	.2203055
292.22555	.07544315	.8566177
335.19651	.68808941	.84098918
28.750534	.82006319	.76279979
18.04445	.61670132	.18908014
39.495647	.89608079	.54181669
26.658806	.63052799	.3440169
35.378028	.80032326	.93427741
21.351086	.36206458	.82034185
23.089249	.02771319	.15118823
46.499317	.92933013	.24061634
66.381883	.56270629	.37578965
59.929669	.85098844	.89451927
41.716642	.42914757	.84043032
55.165814	.71083112	.33840159
79.373991	.86536558	.82195869
84.103219	.42707521	.18121651
95.571897	.977551	.20408436
125.99803	.65363429	.68046618
101.8334	.22042425	.37102736
91.828324	.02174948	.63868237
129.16171	.66092244	.10538759
123.75769	.21206596	.46934987
30.781235	.26902823	.36178881
30.095318	.79488973	.55393529
45.060945	.05962322	.47666844
21.071545	.33986682	.74636396
33.828241	.56810277	.1443792
24.283806	.6550574	.56104496
40.323551	.49614538	.97508473
43.994654	.57121237	.07472498
49.74186	.97955853	.0677866
70.477257	.75972725	.4319996
65.58649	.99679832	.88779906
59.607666	.9143749	.4225388
66.551769	.9299224	.73121517
75.706266	.10374824	.26577494
96.215475	.0196347	.3149265
106.8385	.24587483	.12682091
115.97152	.03076044	.97391412
104.08281	.17268043	.58004088
133.70844	.8277605	.97565947
139.07103	.93235307	.04349305
36.658754	.88291733	.77063304
42.10571	.01556912	.87484421
41.68675	.29300039	.46302301
87.733921	.7781174	.88654421
63.169502	.48655709	.17775117
95.830818	.77973228	.13244036
114.85041	.99668644	.11087494
127.92335	.08719868	.6580496
153.11783	.15700106	.65683677
165.27142	.45910788	.66270093
186.26323	.9677308	.97369374
173.73251	.00490349	.20173924
209.60138	.19319149	.03612674
233.08249	.42389605	.13580237
250.99448	.89394073	.42378691
280.78358	.77603731	.93070667
286.53432	.23270949	.8633457
291.21418	.18839619	.0198898
322.40096	.96080538	.75208364
337.23096	.62769453	.813818
